EYE : 0.000000 0.000000 3.000000
CENTER : 0.000000 0.000000 0.000000
UP : 0.000000 1.000000 0.000000
LOOK : 0.000000 0.000000 -1.000000
RIGHT : 1.000000 0.000000 0.000000