SIGDIGIT : 2
NUMTIMES : 10000
XPOS : 0.000000
YPOS : 0.000000
ZPOS : 0.000000
ZACTIVE : 0